"SAMPLE"	"LEVEL"	"CATEGORY"	"TOTAL_READS"	"PF_READS"	"PCT_PF_READS"	"PF_NOISE_READS"	"PF_READS_ALIGNED"	"PCT_PF_READS_ALIGNED"	"PF_ALIGNED_BASES"	"PF_HQ_ALIGNED_READS"	"PF_HQ_ALIGNED_BASES"	"PF_HQ_ALIGNED_Q20_BASES"	"PF_HQ_MEDIAN_MISMATCHES"	"PF_MISMATCH_RATE"	"PF_HQ_ERROR_RATE"	"PF_INDEL_RATE"	"MEAN_READ_LENGTH"	"READS_ALIGNED_IN_PAIRS"	"PCT_READS_ALIGNED_IN_PAIRS"	"BAD_CYCLES"	"STRAND_BALANCE"	"PCT_CHIMERAS"	"PCT_ADAPTER"	"LIBRARY"	"READ_GROUP"
"T1_recurrance"	"ALL_READS"	"PAIR"	101320434	101320434	1	0	100511387	0.992015	7549145021	84239262	6340270862	5740954764	0	0.006943	0.006758	0.000106	76.78924	100201540	0.996917	0	0.500088	0.060688	3e-06	""	""
"T9_normal"	"ALL_READS"	"PAIR"	131073296	131073296	1	0	129949085	0.991423	10015074315	109538448	8461089947	7831768137	0	0.005343	0.005124	9.7e-05	77.925921	129511514	0.996633	0	0.500075	0.018378	2e-06	""	""
"T9_primary"	"ALL_READS"	"PAIR"	148878334	148878334	1	0	147457421	0.990456	11197274020	126505053	9621236568	8711814401	0	0.00645	0.006308	9.3e-05	77.557327	146850754	0.995886	0	0.500092	0.061093	2e-06	""	""
"T11_normal"	"ALL_READS"	"PAIR"	112375438	112375438	1	0	109730841	0.976466	8351089225	90936904	6987879017	6449769776	0	0.005501	0.005277	9.6e-05	77.759711	109324032	0.996293	0	0.500099	0.01492	2e-06	""	""
"T11_primary"	"ALL_READS"	"PAIR"	236263216	236263216	1	0	234736251	0.993537	17477189023	195579137	14592593512	13621855924	0	0.005243	0.00506	1e-04	77.066346	233859488	0.996265	0	0.500153	0.094585	2e-06	""	""
"T12_recurrance"	"ALL_READS"	"PAIR"	238369706	238369706	1	0	236826460	0.993526	17761281712	196170765	14749968777	13374874609	0	0.00628	0.006057	0.000108	76.862741	236107300	0.996963	0	0.500139	0.066375	3e-06	""	""
"T13_normal"	"ALL_READS"	"PAIR"	100480030	100480030	1	0	98786179	0.983142	7469731357	81999703	6229935695	5758043045	0	0.005492	0.005268	9.6e-05	76.943473	98411548	0.996208	0	0.500077	0.024938	2e-06	""	""
"T13_primary"	"ALL_READS"	"PAIR"	256398116	256398116	1	0	254867479	0.99403	19082005006	211667368	15882736237	14883382833	0	0.005106	0.004904	0.000104	76.907136	254158718	0.997219	0	0.500097	0.073865	2e-06	""	""
"T14_primary"	"ALL_READS"	"PAIR"	280689588	280689588	1	0	278160520	0.99099	21038247170	233025843	17657063559	16498138961	0	0.004989	0.004821	8.9e-05	77.683441	277392154	0.997238	0	0.500084	0.073846	4e-06	""	""
"T15_recurrance"	"ALL_READS"	"PAIR"	269170216	269170216	1	0	267460868	0.99365	20220833982	224756229	17021137075	15944075335	0	0.004942	0.004775	9.8e-05	77.248105	266744874	0.997323	0	0.500084	0.065542	2e-06	""	""
"T16_normal"	"ALL_READS"	"PAIR"	135860598	135860598	1	0	134151540	0.987421	10352180720	113058191	8745623904	8007169718	0	0.005711	0.005489	8.7e-05	78.078569	133664296	0.996368	0	0.500076	0.01838	2e-06	""	""
"T16_primary"	"ALL_READS"	"PAIR"	196405394	196405394	1	0	194888014	0.992274	14651814658	165174703	12439615432	11619338984	0	0.004874	0.004714	1e-04	76.927498	194386328	0.997426	0	0.500079	0.071233	3e-06	""	""
"T17_normal"	"ALL_READS"	"PAIR"	130074304	130074304	1	0	128616444	0.988792	9869804253	107942400	8303907462	7635446542	0	0.005451	0.005252	8.3e-05	77.692991	128154200	0.996406	0	0.50007	0.025358	2e-06	""	""
"T17_primary"	"ALL_READS"	"PAIR"	222983244	222983244	1	0	221834734	0.994849	16968512891	188012015	14402266485	13436181444	0	0.004943	0.004786	9.4e-05	77.968238	221293746	0.997561	0	0.500069	0.060469	2e-06	""	""
"T2_normal"	"ALL_READS"	"PAIR"	265551110	265551110	1	0	263416654	0.991962	19821174093	220947672	16658102223	15607360373	0	0.004998	0.004829	9.6e-05	77.239138	262721990	0.997363	0	0.500083	0.080538	2e-06	""	""
"T2_primary"	"ALL_READS"	"PAIR"	134466942	134466942	1	0	133482919	0.992682	10144401976	111122515	8461170828	7636938370	0	0.006659	0.006457	9.2e-05	77.555508	133066422	0.99688	0	0.500121	0.070548	2e-06	""	""
"T4_normal"	"ALL_READS"	"PAIR"	135496568	135496568	1	0	133711080	0.986823	10159758181	112145277	8549476780	7885782113	0	0.005404	0.005196	9e-05	77.288994	133185376	0.996068	0	0.500052	0.033806	3e-06	""	""
"T4_primary"	"ALL_READS"	"PAIR"	101747996	101747996	1	0	100992354	0.992573	7649380797	86713443	6579141355	5870016000	0	0.007294	0.007151	9.3e-05	77.217944	100710672	0.997211	0	0.50007	0.051642	2e-06	""	""
"T10_normal"	"ALL_READS"	"PAIR"	134717616	134717616	1	0	133457059	0.990643	10311713945	111823796	8659119620	8012968574	0	0.005443	0.005225	9.7e-05	78.073725	133000252	0.996577	0	0.500071	0.015524	2e-06	""	""
"T10_primary"	"ALL_READS"	"PAIR"	119843944	119843944	1	0	118946293	0.99251	9060793354	100248162	7649492094	6922885488	0	0.006711	0.006551	9.2e-05	77.708005	118562786	0.996776	0	0.500083	0.062233	2e-06	""	""
"T5_recurrance"	"ALL_READS"	"PAIR"	134689242	134689242	1	0	133549861	0.991541	10146073015	110940063	8445197676	7634569418	0	0.006699	0.006501	9.6e-05	77.616409	133117694	0.996764	0	0.500082	0.073196	2e-06	""	""
"T6_normal"	"ALL_READS"	"PAIR"	130692514	130692514	1	0	128743238	0.985085	9790858134	107996581	8241698312	7533049590	0	0.005854	0.005655	9.9e-05	77.131437	128254822	0.996206	0	0.500089	0.019302	2e-06	""	""
"T6_primary"	"ALL_READS"	"PAIR"	157954602	157954602	1	0	156657344	0.991787	11810041388	130926533	9888890897	8950700239	0	0.006627	0.006455	9.4e-05	77.454764	156144930	0.996729	0	0.500112	0.080849	2e-06	""	""
"T7_normal"	"ALL_READS"	"PAIR"	119036454	119036454	1	0	117667540	0.9885	9038386988	99046238	7624730268	7018606246	0	0.005594	0.005395	0.000101	77.684484	117248574	0.996439	0	0.500068	0.021795	2e-06	""	""
"T7_recurrance"	"ALL_READS"	"PAIR"	108872722	108872722	1	0	107768312	0.989856	7928853401	90686209	6683730138	6002601762	0	0.006934	0.006803	8.6e-05	75.23544	107300418	0.995658	0	0.500113	0.042359	4e-06	""	""
"T8_primary"	"ALL_READS"	"PAIR"	123536966	123536966	1	0	122424734	0.990997	9210858516	102759068	7745830432	6996565664	0	0.006692	0.006544	8.2e-05	78.461652	121861682	0.995401	0	0.500123	0.12111	2e-06	""	""
